0.896458 0.524912 0.232844 0.387635 0.855584 
0.903823 0.522183 0.004346 0.006645 0.512260 
0.903336 0.549685 0.003856 0.007316 0.112530 
0.938395 0.521617 0.005027 0.007301 0.039726 
0.865103 0.520567 0.005435 0.007008 0.039029 
0.907695 0.522267 0.107940 0.174744 0.007593 
0.902790 0.485894 0.006846 0.006632 0.005575 
0.980901 0.518785 0.008149 0.009258 0.004134 
0.863916 0.550600 0.004649 0.006733 0.003231 
0.939119 0.552913 0.005292 0.007279 0.001676 
0.983314 0.517954 0.098172 0.179869 0.001039 
