0.328962 0.601445 0.606671 0.557520 0.999881 
0.185201 0.705146 0.238104 0.269362 0.963899 
0.072955 0.633075 0.098384 0.118008 0.914864 
0.062251 0.634549 0.010307 0.003518 0.012983 
0.092023 0.636647 0.011573 0.004659 0.006446 
0.172840 0.669741 0.024455 0.007348 0.005257 
0.209513 0.670229 0.018813 0.007342 0.002648 
0.173214 0.633797 0.023098 0.004874 0.002429 
0.208828 0.634644 0.018099 0.004327 0.002211 
0.094545 0.665210 0.018533 0.008291 0.002188 
0.089622 0.662385 0.064488 0.083972 0.001366 
0.133320 0.670116 0.023177 0.007557 0.001197 
